Date,High,Low,Open,Close,Volume,Adj Close
2017-01-03,67.11000061035156,65.83000183105469,67.11000061035156,66.16999816894531,2085000.0,56.86345291137695
2017-01-04,66.91000366210938,65.9000015258789,66.11000061035156,66.68000030517578,2070700.0,57.301734924316406
2017-01-05,68.31999969482422,66.38999938964844,67.30999755859375,68.16999816894531,2228000.0,58.58216857910156
2017-01-06,68.68000030517578,67.48999786376953,68.08000183105469,68.44999694824219,1908600.0,58.82278823852539
2017-01-09,68.86000061035156,67.9800033569336,68.5999984741211,68.4000015258789,1806600.0,58.779815673828125
2017-01-10,67.9000015258789,66.12000274658203,67.9000015258789,66.31999969482422,3252200.0,56.99236297607422
2017-01-11,67.05999755859375,65.70999908447266,66.30999755859375,66.4000015258789,2741100.0,57.06111145019531
2017-01-12,66.95999908447266,65.77999877929688,66.08999633789062,66.8499984741211,1611400.0,57.44782257080078
2017-01-13,67.08000183105469,66.20999908447266,66.7300033569336,66.66000366210938,1156500.0,57.284549713134766
2017-01-17,67.63999938964844,66.94000244140625,67.08000183105469,67.30000305175781,1468600.0,57.83453369140625
2017-01-18,67.62999725341797,66.97000122070312,67.27999877929688,67.08000183105469,2514800.0,57.64548110961914
2017-01-19,66.83999633789062,66.04000091552734,66.70999908447266,66.4000015258789,1770300.0,57.06111145019531
2017-01-20,66.80000305175781,65.80999755859375,66.16000366210938,66.76000213623047,1540800.0,57.370479583740234
2017-01-23,67.80999755859375,66.51000213623047,66.8499984741211,67.68000030517578,1884700.0,58.16108703613281
2017-01-24,67.98999786376953,66.94999694824219,67.5199966430664,67.30000305175781,1865800.0,57.83453369140625
2017-01-25,67.44000244140625,66.02999877929688,67.25,66.36000061035156,1571100.0,57.02674102783203
2017-01-26,66.88999938964844,65.94000244140625,66.4800033569336,66.13999938964844,1714600.0,56.83767318725586
2017-01-27,66.61000061035156,65.68000030517578,66.37000274658203,65.94000244140625,1189100.0,56.66580581665039
2017-01-30,66.58999633789062,65.69999694824219,66.05999755859375,66.33999633789062,1264200.0,57.00954818725586
2017-01-31,67.0199966430664,66.16000366210938,66.4800033569336,66.30000305175781,2561900.0,56.97518539428711
2017-02-01,66.66999816894531,65.23999786376953,66.1500015258789,65.2699966430664,2041500.0,56.09004211425781
2017-02-02,66.44999694824219,65.38999938964844,65.41999816894531,66.33999633789062,1726800.0,57.00954818725586
2017-02-03,66.29000091552734,65.12999725341797,65.66000366210938,65.43000030517578,1802100.0,56.97472381591797
2017-02-06,66.37999725341797,65.43000030517578,65.55999755859375,66.16999816894531,1807900.0,57.61908721923828
2017-02-07,66.66999816894531,65.77999877929688,66.33000183105469,65.87000274658203,1406900.0,57.35786819458008
2017-02-08,66.43000030517578,65.9000015258789,65.9000015258789,66.02999877929688,2013300.0,57.49718475341797
2017-02-09,66.26000213623047,65.19999694824219,66.02999877929688,65.38999938964844,1653300.0,56.93988800048828
2017-02-10,65.88999938964844,65.05000305175781,65.27999877929688,65.87000274658203,1462000.0,57.35786819458008
2017-02-13,66.58999633789062,65.55999755859375,66.0,66.29000091552734,1747000.0,57.72358322143555
2017-02-14,66.4800033569336,64.87000274658203,66.44000244140625,65.51000213623047,1346800.0,57.04438781738281
2017-02-15,65.69000244140625,64.62999725341797,65.23999786376953,65.58000183105469,1692800.0,57.10533142089844
2017-02-16,66.88999938964844,65.66999816894531,65.66999816894531,66.08000183105469,1347400.0,57.54072570800781
2017-02-17,66.63999938964844,65.37999725341797,66.41999816894531,65.91999816894531,2199300.0,57.40140151977539
2017-02-21,67.08999633789062,65.51000213623047,66.02999877929688,66.94000244140625,2031400.0,58.28960037231445
2017-02-22,68.30999755859375,67.11000061035156,67.80999755859375,67.69999694824219,2667300.0,58.951377868652344
2017-02-23,68.94999694824219,67.58999633789062,68.02999877929688,68.8499984741211,1773200.0,59.952762603759766
2017-02-24,70.0999984741211,68.22000122070312,68.80999755859375,70.05999755859375,2476800.0,61.00639343261719
2017-02-27,70.52999877929688,69.76000213623047,69.91000366210938,70.04000091552734,1572800.0,60.98898696899414
2017-02-28,70.7300033569336,69.86000061035156,70.04000091552734,70.37999725341797,2360900.0,61.2850456237793
2017-03-01,70.11000061035156,69.01000213623047,69.75,69.4800033569336,2405900.0,60.50135803222656
2017-03-02,70.04000091552734,68.75,69.2300033569336,69.94999694824219,2183800.0,60.910606384277344
2017-03-03,69.94000244140625,68.81999969482422,69.94000244140625,69.56999969482422,1447000.0,60.5797233581543
2017-03-06,69.5199966430664,68.25,69.08000183105469,68.54000091552734,1477400.0,59.68282699584961
2017-03-07,68.62000274658203,67.69000244140625,68.30999755859375,68.48999786376953,1218100.0,59.6392936706543
2017-03-08,68.0,66.97000122070312,67.80999755859375,67.0199966430664,1863900.0,58.3592529296875
2017-03-09,67.12000274658203,65.58999633789062,66.97000122070312,65.80000305175781,1913600.0,57.296905517578125
2017-03-10,66.91999816894531,65.75,65.80000305175781,66.16999816894531,2174300.0,57.61908721923828
2017-03-13,66.66000366210938,65.3499984741211,66.16999816894531,66.0,2061200.0,57.4710578918457
2017-03-14,66.13999938964844,65.26000213623047,65.86000061035156,66.05000305175781,1726400.0,57.51460266113281
2017-03-15,67.36000061035156,66.12000274658203,66.2699966430664,67.23999786376953,2294800.0,58.550819396972656
2017-03-16,67.55999755859375,66.91999816894531,67.0,67.29000091552734,1709000.0,58.594356536865234
2017-03-17,67.93000030517578,67.06999969482422,67.44000244140625,67.27999877929688,3462700.0,58.58564758300781
2017-03-20,68.19999694824219,67.20999908447266,67.95999908447266,67.77999877929688,2160800.0,59.02104949951172
2017-03-21,68.16000366210938,67.51000213623047,67.91000366210938,67.81999969482422,1933200.0,59.05586624145508
2017-03-22,68.80000305175781,67.83000183105469,68.0,68.66000366210938,1740100.0,59.78731155395508
2017-03-23,70.30000305175781,68.44000244140625,68.69999694824219,69.5999984741211,2576200.0,60.60585021972656
2017-03-24,69.97000122070312,69.52999877929688,69.77999877929688,69.66999816894531,2364100.0,60.66679763793945
2017-03-27,70.77999877929688,69.55000305175781,69.75,70.12999725341797,2424400.0,61.06736755371094
2017-03-28,70.68000030517578,69.83999633789062,70.02999877929688,70.61000061035156,1931400.0,61.48533248901367
2017-03-29,71.08000183105469,70.44000244140625,70.52999877929688,70.93000030517578,2334600.0,61.76396560668945
2017-03-30,70.9800033569336,70.25,70.7300033569336,70.77999877929688,1818200.0,61.633365631103516
2017-03-31,71.13999938964844,70.4800033569336,70.6500015258789,70.81999969482422,2650400.0,61.66819763183594
2017-04-03,71.25,70.5,70.81999969482422,71.1500015258789,2027400.0,61.955543518066406
2017-04-04,71.1500015258789,70.44999694824219,71.1500015258789,70.58000183105469,2834800.0,61.4592170715332
2017-04-05,71.52999877929688,70.44000244140625,70.5999984741211,71.30000305175781,2141300.0,62.0861701965332
2017-04-06,71.86000061035156,70.83000183105469,71.22000122070312,71.58000183105469,2189700.0,62.329986572265625
2017-04-07,72.4800033569336,71.62999725341797,71.62999725341797,72.26000213623047,2163000.0,62.922119140625
2017-04-10,73.02999877929688,72.0199966430664,72.2699966430664,72.88999938964844,1676800.0,63.47068786621094
2017-04-11,73.08999633789062,72.63999938964844,72.87999725341797,72.79000091552734,1274800.0,63.38362121582031
2017-04-12,73.16999816894531,72.44999694824219,72.79000091552734,72.93000030517578,1523300.0,63.50552749633789
2017-04-13,73.31999969482422,72.69000244140625,72.88999938964844,72.8499984741211,1819300.0,63.43586349487305
2017-04-17,73.45999908447266,73.04000091552734,73.1500015258789,73.38999938964844,1304000.0,63.90608596801758
2017-04-18,74.5,73.30999755859375,73.44000244140625,74.23999786376953,2448600.0,64.646240234375
2017-04-19,74.25,73.56999969482422,74.16999816894531,73.87000274658203,2300700.0,64.32405090332031
2017-04-20,74.11000061035156,73.58999633789062,73.76000213623047,74.06999969482422,1617700.0,64.49819946289062
2017-04-21,74.27999877929688,73.55999755859375,73.80999755859375,73.68000030517578,2306800.0,64.15860748291016
2017-04-24,73.94000244140625,71.43000030517578,73.87000274658203,72.5,2955300.0,63.13108444213867
2017-04-25,72.7300033569336,72.1500015258789,72.48999786376953,72.66999816894531,1112300.0,63.279117584228516
2017-04-26,72.4800033569336,71.68000030517578,72.43000030517578,71.83000183105469,1562600.0,62.54767990112305
2017-04-27,72.76000213623047,71.5199966430664,71.83000183105469,72.16000366210938,1287700.0,62.83502960205078
2017-04-28,72.05000305175781,70.58000183105469,72.05000305175781,71.44000244140625,1922700.0,62.20807647705078
2017-05-01,71.98999786376953,70.93000030517578,71.52999877929688,71.19999694824219,1670900.0,61.99908447265625
2017-05-02,71.44000244140625,70.41000366210938,71.30000305175781,70.75,2528600.0,61.60723114013672
2017-05-03,71.16000366210938,69.55999755859375,70.9800033569336,69.80999755859375,2182100.0,60.7887077331543
2017-05-04,70.01000213623047,68.94999694824219,69.75,69.86000061035156,1971600.0,60.83224868774414
2017-05-05,69.93000030517578,68.75,68.91000366210938,69.80000305175781,1888200.0,61.54646682739258
2017-05-08,69.95999908447266,69.01000213623047,69.94999694824219,69.72000122070312,1813200.0,61.475921630859375
2017-05-09,69.80999755859375,68.66000366210938,69.75,69.02999877929688,1659900.0,60.867515563964844
2017-05-10,70.19999694824219,68.8499984741211,69.16999816894531,70.01000213623047,1498400.0,61.731632232666016
2017-05-11,71.56999969482422,69.44000244140625,69.80000305175781,71.5,1856300.0,63.04546356201172
2017-05-12,72.30000305175781,71.48999786376953,71.69000244140625,71.8499984741211,2421100.0,63.35405731201172
2017-05-15,72.63999938964844,71.61000061035156,72.0,71.66000366210938,1496600.0,63.186546325683594
2017-05-16,71.9800033569336,71.05999755859375,71.79000091552734,71.5999984741211,1395300.0,63.13363265991211
2017-05-17,72.87999725341797,71.45999908447266,71.66999816894531,72.26000213623047,2540000.0,63.71560287475586
2017-05-18,73.0999984741211,71.9000015258789,72.31999969482422,72.93000030517578,1941800.0,64.30636596679688
2017-05-19,73.44999694824219,72.36000061035156,73.20999908447266,73.23999786376953,1910900.0,64.5797119140625
2017-05-22,73.56999969482422,72.87999725341797,73.19999694824219,73.4000015258789,1664700.0,64.7208023071289
2017-05-23,73.93000030517578,73.22000122070312,73.52999877929688,73.25,1647700.0,64.5885238647461
2017-05-24,73.88999938964844,73.4000015258789,73.41999816894531,73.52999877929688,1123700.0,64.83541107177734
2017-05-25,73.75,73.11000061035156,73.58000183105469,73.16000366210938,1248900.0,64.50916290283203
2017-05-26,73.4800033569336,72.37000274658203,73.33000183105469,72.52999877929688,1381000.0,63.95365524291992
2017-05-30,72.97000122070312,72.33999633789062,72.5,72.5,1245200.0,63.92720031738281
2017-05-31,72.97000122070312,72.38999938964844,72.51000213623047,72.54000091552734,2493400.0,63.96247482299805
2017-06-01,73.0199966430664,71.79000091552734,72.37999725341797,72.95999908447266,1495200.0,64.33280944824219
2017-06-02,74.08999633789062,73.23999786376953,73.33999633789062,73.79000091552734,1483500.0,65.0646743774414
2017-06-05,73.6500015258789,73.08000183105469,73.56999969482422,73.47000122070312,874200.0,64.78251647949219
2017-06-06,73.6500015258789,72.95999908447266,73.61000061035156,73.02999877929688,884600.0,64.39454650878906
2017-06-07,73.37999725341797,72.86000061035156,73.02999877929688,73.18000030517578,1341000.0,64.52680206298828
2017-06-08,73.3499984741211,72.11000061035156,73.18000030517578,72.9000015258789,1110800.0,64.2799072265625
2017-06-09,73.55999755859375,72.41000366210938,72.83999633789062,73.44999694824219,1231600.0,64.7648696899414
2017-06-12,74.04000091552734,73.05999755859375,73.45999908447266,74.04000091552734,2035300.0,65.28510284423828
2017-06-13,74.33999633789062,73.66999816894531,73.95999908447266,74.13999938964844,1555300.0,65.37328338623047
2017-06-14,75.58999633789062,74.16000366210938,74.94000244140625,74.44000244140625,2332100.0,65.63780975341797
2017-06-15,75.20999908447266,74.05000305175781,74.1500015258789,74.66999816894531,1722000.0,65.84061431884766
2017-06-16,76.06999969482422,74.69999694824219,74.81999969482422,75.5999984741211,3944200.0,66.66064453125
2017-06-19,76.25,75.44999694824219,75.66999816894531,76.25,2035200.0,67.2337875366211
2017-06-20,77.2300033569336,76.0199966430664,76.30000305175781,76.91999816894531,2215100.0,67.82455444335938
2017-06-21,77.19999694824219,76.52999877929688,76.94000244140625,77.1500015258789,1762900.0,68.02737426757812
2017-06-22,77.69999694824219,76.69000244140625,77.04000091552734,77.48999786376953,1638800.0,68.32715606689453
2017-06-23,78.16999816894531,77.12000274658203,77.31999969482422,77.43000030517578,2210200.0,68.27426147460938
2017-06-26,78.0,77.16999816894531,77.66999816894531,77.66000366210938,1107700.0,68.47706604003906
2017-06-27,77.79000091552734,76.36000061035156,77.41999816894531,76.5,1476600.0,67.4542236328125
2017-06-28,77.22000122070312,76.04000091552734,76.5199966430664,76.52999877929688,1367100.0,67.48068237304688
2017-06-29,76.33000183105469,74.45999908447266,76.16000366210938,74.5,2109900.0,65.69071197509766
2017-06-30,75.37999725341797,74.44000244140625,74.83000183105469,74.8499984741211,1903100.0,65.99933624267578
2017-07-03,75.91000366210938,74.73999786376953,75.13999938964844,75.76000213623047,934900.0,66.80171966552734
2017-07-05,75.79000091552734,74.6500015258789,75.79000091552734,75.08999633789062,1351000.0,66.21095275878906
2017-07-06,74.76000213623047,73.0199966430664,74.76000213623047,73.06999969482422,1490100.0,64.42980194091797
2017-07-07,73.25,72.16000366210938,73.0999984741211,72.9000015258789,1527200.0,64.2799072265625
2017-07-10,73.19000244140625,72.48999786376953,73.04000091552734,72.52999877929688,1118000.0,63.95365524291992
2017-07-11,72.9000015258789,72.08000183105469,72.58000183105469,72.61000061035156,983600.0,64.02420043945312
2017-07-12,73.93000030517578,73.12999725341797,73.12999725341797,73.70999908447266,1020800.0,64.994140625
2017-07-13,73.66000366210938,73.11000061035156,73.54000091552734,73.30000305175781,956400.0,64.63260650634766
2017-07-14,74.0999984741211,73.54000091552734,73.88999938964844,73.75,1087700.0,65.02938842773438
2017-07-17,74.19000244140625,73.51000213623047,73.72000122070312,73.8499984741211,1286300.0,65.1175765991211
2017-07-18,74.31999969482422,73.63999938964844,73.91999816894531,74.05000305175781,1255700.0,65.2939224243164
2017-07-19,74.2699966430664,73.56999969482422,74.01000213623047,74.12999725341797,1190700.0,65.36446380615234
2017-07-20,74.48999786376953,73.68000030517578,74.31999969482422,73.69999694824219,1327100.0,64.98531341552734
2017-07-21,74.19000244140625,73.30000305175781,73.66999816894531,73.93000030517578,1227400.0,65.18812561035156
2017-07-24,74.08000183105469,72.80000305175781,73.95999908447266,73.1500015258789,1854700.0,64.50035858154297
2017-07-25,73.3499984741211,72.29000091552734,73.30999755859375,73.01000213623047,1623900.0,64.37690734863281
2017-07-26,73.58000183105469,72.66000366210938,73.04000091552734,73.29000091552734,1007700.0,64.62378692626953
2017-07-27,73.44999694824219,72.19999694824219,73.0,72.79000091552734,1396800.0,64.18292236328125
2017-07-28,74.4000015258789,72.47000122070312,74.4000015258789,73.06999969482422,1365200.0,64.42980194091797
2017-07-31,73.61000061035156,72.4000015258789,73.20999908447266,73.38999938964844,2125100.0,64.71197509765625
2017-08-01,73.68000030517578,71.66999816894531,73.5999984741211,72.31999969482422,2091600.0,63.768489837646484
2017-08-02,72.44999694824219,71.83000183105469,72.12000274658203,72.43000030517578,1455900.0,63.865482330322266
2017-08-03,73.18000030517578,71.88999938964844,72.43000030517578,73.05999755859375,1632200.0,64.42098236083984
2017-08-04,72.33000183105469,71.68000030517578,72.19999694824219,71.83000183105469,1361400.0,64.09973907470703
2017-08-07,72.33000183105469,71.37999725341797,71.83000183105469,71.91999816894531,1253100.0,64.18004608154297
2017-08-08,72.18000030517578,71.4800033569336,71.73999786376953,71.94000244140625,1536000.0,64.19789123535156
2017-08-09,72.19999694824219,71.16999816894531,72.0,71.23999786376953,1222400.0,63.57322692871094
2017-08-10,71.52999877929688,70.5199966430664,71.20999908447266,70.5999984741211,1486100.0,63.002098083496094
2017-08-11,70.88999938964844,69.8499984741211,70.88999938964844,70.4000015258789,1346500.0,62.82362365722656
2017-08-14,71.9800033569336,70.5,70.62999725341797,71.75,1605700.0,64.02833557128906
2017-08-15,71.55999755859375,70.81999969482422,71.55999755859375,71.23999786376953,1590700.0,63.57322692871094
2017-08-16,72.37999725341797,71.29000091552734,71.44999694824219,72.0,1661400.0,64.2514419555664
2017-08-17,72.25,71.0999984741211,71.7300033569336,71.0999984741211,1368500.0,63.44828414916992
2017-08-18,71.27999877929688,70.55999755859375,71.20999908447266,70.6500015258789,1403700.0,63.04672622680664
2017-08-21,72.1500015258789,70.56999969482422,70.7699966430664,71.9800033569336,1378000.0,64.23359680175781
2017-08-22,72.08000183105469,70.76000213623047,71.9800033569336,70.93000030517578,1176700.0,63.296573638916016
2017-08-23,71.80000305175781,70.76000213623047,70.9000015258789,71.58000183105469,930200.0,63.876651763916016
2017-08-24,71.9800033569336,71.30999755859375,71.51000213623047,71.41000366210938,1510300.0,63.72493362426758
2017-08-25,72.3499984741211,71.6500015258789,71.79000091552734,71.91999816894531,1300800.0,64.18004608154297
2017-08-28,72.0999984741211,71.0999984741211,72.01000213623047,71.23999786376953,931700.0,63.57322692871094
2017-08-29,72.2300033569336,71.37999725341797,71.48999786376953,71.93000030517578,1509300.0,64.18896484375
2017-08-30,72.70999908447266,71.80000305175781,71.80999755859375,72.51000213623047,2275000.0,64.70654296875
2017-08-31,73.41000366210938,72.62000274658203,72.80999755859375,73.22000122070312,2598000.0,65.34014129638672
2017-09-01,73.77999877929688,73.19000244140625,73.2300033569336,73.66999816894531,1731000.0,65.74169921875
2017-09-05,74.4000015258789,73.63999938964844,73.86000061035156,74.05999755859375,2399000.0,66.0897445678711
2017-09-06,74.62999725341797,73.45999908447266,74.2300033569336,73.66999816894531,2253700.0,65.74169921875
2017-09-07,74.22000122070312,73.48999786376953,73.81999969482422,73.98999786376953,1085300.0,66.02725982666016
2017-09-08,74.80999755859375,73.76000213623047,73.91000366210938,74.66999816894531,1451100.0,66.63409423828125
2017-09-11,75.43000030517578,74.3499984741211,74.56999969482422,75.36000061035156,1722400.0,67.24983215332031
2017-09-12,75.58000183105469,74.02999877929688,75.25,74.33999633789062,1424100.0,66.33961486816406
2017-09-13,74.4800033569336,73.81999969482422,74.26000213623047,74.0999984741211,1490100.0,66.12542724609375
2017-09-14,74.44999694824219,73.5,74.01000213623047,74.44999694824219,1651300.0,66.4377670288086
2017-09-15,74.62000274658203,73.61000061035156,74.26000213623047,74.56999969482422,2810000.0,66.54484558105469
2017-09-18,74.70999908447266,73.94999694824219,74.5199966430664,74.30999755859375,1430500.0,66.31282806396484
2017-09-19,74.62999725341797,73.2699966430664,74.4000015258789,73.43000030517578,1681200.0,65.52754974365234
2017-09-20,73.87000274658203,72.9000015258789,73.70999908447266,73.19999694824219,2130200.0,65.3222885131836
2017-09-21,73.4000015258789,72.16999816894531,73.19000244140625,72.19999694824219,1566100.0,64.4299087524414
2017-09-22,72.38999938964844,70.80000305175781,72.33000183105469,70.95999908447266,1853100.0,63.3233642578125
2017-09-25,71.51000213623047,70.93000030517578,71.08999633789062,71.30999755859375,1513100.0,63.635684967041016
2017-09-26,71.9000015258789,70.68000030517578,71.23999786376953,71.80999755859375,2813100.0,64.08187866210938
2017-09-27,71.66000366210938,69.7699966430664,71.25,69.91000366210938,2379700.0,62.3863639831543
2017-09-28,70.5999984741211,69.7699966430664,69.80999755859375,70.58000183105469,1152300.0,62.9842643737793
2017-09-29,70.95999908447266,69.95999908447266,70.36000061035156,70.27999877929688,2062000.0,62.7165412902832
2017-10-02,70.87000274658203,69.48999786376953,70.87000274658203,69.55000305175781,1777700.0,62.06510543823242
2017-10-03,70.19999694824219,69.20999908447266,69.5999984741211,69.44000244140625,1546600.0,61.966941833496094
2017-10-04,68.9800033569336,68.0,68.9800033569336,68.62999725341797,3287100.0,61.244110107421875
2017-10-05,69.18000030517578,68.41000366210938,68.88999938964844,68.5199966430664,2052800.0,61.14595031738281
2017-10-06,68.38999938964844,67.45999908447266,68.30000305175781,68.3499984741211,2905100.0,60.99423599243164
2017-10-09,68.81999969482422,68.18000030517578,68.4000015258789,68.25,1268500.0,60.904998779296875
2017-10-10,68.72000122070312,67.61000061035156,68.43000030517578,68.01000213623047,2688900.0,60.69083786010742
2017-10-11,68.30000305175781,67.73999786376953,67.97000122070312,67.94000244140625,1988400.0,60.62837219238281
2017-10-12,68.01000213623047,67.08999633789062,67.83999633789062,68.01000213623047,1382300.0,60.69083786010742
2017-10-13,68.55999755859375,67.83999633789062,68.3499984741211,68.19999694824219,1923900.0,60.860374450683594
2017-10-16,68.43000030517578,67.76000213623047,68.25,68.06999969482422,1274900.0,60.744380950927734
2017-10-17,68.29000091552734,67.62999725341797,67.75,68.19000244140625,1273400.0,60.85145950317383
2017-10-18,68.51000213623047,67.83000183105469,68.19000244140625,68.30999755859375,1268900.0,60.95854187011719
2017-10-19,68.6500015258789,67.9800033569336,68.31999969482422,68.18000030517578,1221100.0,60.8425407409668
2017-10-20,68.20999908447266,67.75,68.20999908447266,68.16999816894531,1530000.0,60.8336181640625
2017-10-23,68.38999938964844,67.37000274658203,68.3499984741211,67.48999786376953,1339300.0,60.2267951965332
2017-10-24,67.63999938964844,66.55999755859375,67.5199966430664,66.8499984741211,1657600.0,59.655677795410156
2017-10-25,66.76000213623047,65.4000015258789,66.37000274658203,66.19999694824219,1557500.0,59.07562255859375
2017-10-26,66.86000061035156,65.62999725341797,66.66000366210938,65.76000213623047,1133300.0,58.682979583740234
2017-10-27,67.81999969482422,65.69999694824219,65.72000122070312,67.16000366210938,1930300.0,59.93231201171875
2017-10-30,67.43000030517578,66.80000305175781,67.1500015258789,67.20999908447266,1276500.0,59.976924896240234
2017-10-31,67.2300033569336,66.18000030517578,67.11000061035156,66.95999908447266,1384800.0,59.75383758544922
2017-11-01,67.43000030517578,66.66999816894531,67.0,67.0199966430664,1192800.0,59.80738067626953
2017-11-02,68.08999633789062,67.18000030517578,67.26000213623047,67.72000122070312,1884000.0,60.43204879760742
2017-11-03,68.25,67.30999755859375,67.43000030517578,68.1500015258789,1396500.0,60.815773010253906
2017-11-06,68.0199966430664,67.38999938964844,67.69000244140625,68.0,2126000.0,61.46658706665039
2017-11-07,69.80000305175781,68.30000305175781,69.06999969482422,68.58999633789062,2738000.0,61.99989318847656
2017-11-08,69.19000244140625,68.19999694824219,68.55000305175781,68.75,2142700.0,62.14453125
2017-11-09,68.87999725341797,68.0199966430664,68.5,68.27999877929688,1452300.0,61.71968078613281
2017-11-10,68.52999877929688,68.0,68.0,68.12000274658203,1400100.0,61.5750617980957
2017-11-13,68.55000305175781,67.94000244140625,68.19999694824219,68.31999969482422,2534700.0,61.75584411621094
2017-11-14,68.73999786376953,67.9000015258789,68.12000274658203,68.08999633789062,1378000.0,61.54793930053711
2017-11-15,68.41999816894531,67.72000122070312,68.11000061035156,67.73999786376953,2358900.0,61.231571197509766
2017-11-16,68.3499984741211,67.62000274658203,67.73999786376953,67.94000244140625,1784800.0,61.412357330322266
2017-11-17,68.16000366210938,67.79000091552734,67.79000091552734,67.95999908447266,1358900.0,61.4304313659668
2017-11-20,68.1500015258789,67.4000015258789,68.08000183105469,67.93000030517578,1297900.0,61.40331268310547
2017-11-21,68.62999725341797,68.0,68.04000091552734,68.29000091552734,2183000.0,61.728729248046875
2017-11-22,68.44999694824219,67.97000122070312,68.08999633789062,68.16999816894531,1263900.0,61.62025833129883
2017-11-24,68.5999984741211,68.13999938964844,68.41000366210938,68.26000213623047,462200.0,61.70160675048828
2017-11-27,68.2699966430664,67.45999908447266,68.19000244140625,67.47000122070312,1209900.0,60.98751449584961
2017-11-28,67.61000061035156,66.63999938964844,67.5,67.12000274658203,1586100.0,60.671146392822266
2017-11-29,67.47000122070312,66.69999694824219,67.0199966430664,67.27999877929688,1593000.0,60.815765380859375
2017-11-30,67.87999725341797,66.94999694824219,67.80999755859375,67.45999908447266,2523900.0,60.978477478027344
2017-12-01,68.22000122070312,67.11000061035156,67.70999908447266,67.95999908447266,2051700.0,61.4304313659668
2017-12-04,68.20999908447266,66.7699966430664,68.08999633789062,67.12999725341797,2467100.0,60.680171966552734
2017-12-05,67.25,65.97000122070312,66.98999786376953,66.12000274658203,2672600.0,59.76722717285156
2017-12-06,66.66999816894531,65.75,66.12000274658203,66.29000091552734,2226100.0,59.92087936401367
2017-12-07,67.0,65.98999786376953,66.29000091552734,66.19000244140625,2548800.0,59.83049774169922
2017-12-08,66.62999725341797,66.12999725341797,66.29000091552734,66.31999969482422,2018200.0,59.94800567626953
2017-12-11,66.30000305175781,65.69000244140625,65.9800033569336,65.91999816894531,2106800.0,59.58644104003906
2017-12-12,66.44999694824219,65.58000183105469,65.97000122070312,66.12000274658203,2458800.0,59.76722717285156
2017-12-13,66.87000274658203,66.26000213623047,66.33999633789062,66.41000366210938,2331200.0,60.02936553955078
2017-12-14,66.62999725341797,66.08000183105469,66.26000213623047,66.29000091552734,1906600.0,59.92087936401367
2017-12-15,67.25,66.38999938964844,66.62000274658203,66.94000244140625,4753500.0,60.50843811035156
2017-12-18,67.80000305175781,67.06999969482422,67.0999984741211,67.33999633789062,1622700.0,60.87000274658203
2017-12-19,67.23999786376953,64.11000061035156,67.05000305175781,64.4800033569336,4094300.0,58.284793853759766
2017-12-20,65.12000274658203,63.650001525878906,64.4800033569336,63.65999984741211,2182200.0,57.54357147216797
2017-12-21,63.970001220703125,63.2599983215332,63.810001373291016,63.47999954223633,1871900.0,57.38087463378906
2017-12-22,63.869998931884766,63.279998779296875,63.439998626708984,63.400001525878906,1586200.0,57.308555603027344
2017-12-26,64.08000183105469,63.150001525878906,63.349998474121094,63.4900016784668,1811600.0,57.38990783691406
2017-12-27,63.75,63.119998931884766,63.709999084472656,63.27000045776367,1565400.0,57.191043853759766
2017-12-28,63.7400016784668,63.060001373291016,63.279998779296875,63.720001220703125,1276900.0,57.59781265258789
2017-12-29,64.29000091552734,63.5099983215332,63.70000076293945,63.77000045776367,1378500.0,57.64300537109375
2018-01-02,64.5,63.66999816894531,63.90999984741211,64.02999877929688,1997300.0,57.87802505493164
2018-01-03,64.68000030517578,63.95000076293945,64.30000305175781,64.13999938964844,1832600.0,57.97745895385742
2018-01-04,64.1500015258789,62.72999954223633,64.11000061035156,62.7599983215332,1993500.0,56.730045318603516
2018-01-05,62.97999954223633,62.209999084472656,62.84000015258789,62.369998931884766,2003300.0,56.37751770019531
2018-01-08,62.84000015258789,62.33000183105469,62.400001525878906,62.59000015258789,1623200.0,56.576377868652344
2018-01-09,62.619998931884766,61.29999923706055,62.5,61.369998931884766,2032800.0,55.473594665527344
2018-01-10,61.20000076293945,60.70000076293945,61.08000183105469,60.709999084472656,3072900.0,54.877010345458984
2018-01-11,61.43000030517578,60.13999938964844,61.040000915527344,60.16999816894531,2414300.0,54.38889694213867
2018-01-12,60.310001373291016,58.97999954223633,60.310001373291016,59.15999984741211,2686600.0,53.475929260253906
2018-01-16,60.720001220703125,59.20000076293945,59.29999923706055,59.2599983215332,3144800.0,53.56632614135742
2018-01-17,60.189998626708984,59.0099983215332,59.58000183105469,60.11000061035156,4696000.0,54.33465576171875
2018-01-18,59.900001525878906,58.959999084472656,59.900001525878906,59.290000915527344,3496400.0,53.59344482421875
2018-01-19,59.31999969482422,58.2400016784668,59.290000915527344,59.290000915527344,3011000.0,53.59344482421875
2018-01-22,59.709999084472656,59.0099983215332,59.2599983215332,59.33000183105469,2817900.0,53.629600524902344
2018-01-23,60.5099983215332,59.279998779296875,59.66999816894531,60.31999969482422,2759300.0,54.52448272705078
2018-01-24,60.939998626708984,60.150001525878906,60.27000045776367,60.540000915527344,2368100.0,54.72334671020508
2018-01-25,60.90999984741211,60.40999984741211,60.529998779296875,60.84000015258789,2134400.0,54.99452209472656
2018-01-26,60.9900016784668,60.09000015258789,60.970001220703125,60.59000015258789,2206400.0,54.7685432434082
2018-01-29,60.22999954223633,58.9900016784668,60.150001525878906,59.52000045776367,2085500.0,53.80134201049805
2018-01-30,59.88999938964844,58.529998779296875,59.439998626708984,58.529998779296875,2444700.0,52.90645980834961
2018-01-31,60.0099983215332,58.599998474121094,58.650001525878906,59.970001220703125,4265600.0,54.208106994628906
2018-02-01,60.290000915527344,57.939998626708984,60.0,58.040000915527344,2609300.0,52.46354675292969
2018-02-02,58.81999969482422,56.88999938964844,57.56999969482422,58.45000076293945,2827500.0,52.83415222167969
2018-02-05,58.86000061035156,56.40999984741211,58.369998931884766,56.529998779296875,3525100.0,51.0986213684082
2018-02-06,57.279998779296875,55.290000915527344,55.90999984741211,57.209999084472656,3943300.0,51.713287353515625
2018-02-07,58.099998474121094,56.43000030517578,57.11000061035156,56.54999923706055,3239700.0,51.116695404052734
2018-02-08,57.209999084472656,54.65999984741211,56.36000061035156,54.66999816894531,3956600.0,49.41733169555664
2018-02-09,56.0,53.65999984741211,54.630001068115234,55.47999954223633,4303900.0,50.149497985839844
2018-02-12,54.970001220703125,53.0,54.83000183105469,54.27000045776367,4115600.0,49.837276458740234
2018-02-13,55.31999969482422,53.630001068115234,54.36000061035156,55.08000183105469,3839200.0,50.58112335205078
2018-02-14,54.720001220703125,53.43000030517578,54.540000915527344,54.150001525878906,3249000.0,49.72707748413086
2018-02-15,55.58000183105469,54.20000076293945,54.369998931884766,55.16999816894531,2908500.0,50.66376876831055
2018-02-16,56.439998626708984,55.25,55.29999923706055,55.790000915527344,4051100.0,51.23311996459961
2018-02-20,56.099998474121094,54.790000915527344,55.5099983215332,54.79999923706055,2639200.0,50.3239860534668
2018-02-21,55.04999923706055,53.849998474121094,54.900001525878906,53.9900016784668,3418200.0,49.580142974853516
2018-02-22,55.060001373291016,53.11000061035156,53.81999969482422,53.7400016784668,3324100.0,49.35056686401367
2018-02-23,54.40999984741211,53.060001373291016,53.90999984741211,54.40999984741211,2661200.0,49.96584701538086
2018-02-26,54.66999816894531,53.41999816894531,54.61000061035156,54.400001525878906,2582200.0,49.956661224365234
2018-02-27,54.709999084472656,52.220001220703125,54.349998474121094,52.220001220703125,3189600.0,47.9547233581543
2018-02-28,54.900001525878906,51.849998474121094,54.900001525878906,52.5,3342600.0,48.211849212646484
2018-03-01,53.439998626708984,51.630001068115234,52.04999923706055,52.650001525878906,2684600.0,48.3495979309082
2018-03-02,53.0099983215332,52.099998474121094,52.47999954223633,52.93000030517578,2385600.0,48.60673141479492
2018-03-05,54.209999084472656,52.650001525878906,52.650001525878906,54.06999969482422,3113700.0,49.65360641479492
2018-03-06,53.91999816894531,52.279998779296875,53.630001068115234,52.86000061035156,3070500.0,48.54244613647461
2018-03-07,54.06999969482422,52.650001525878906,52.779998779296875,53.970001220703125,2579900.0,49.56178283691406
2018-03-08,54.09000015258789,53.34000015258789,53.93000030517578,53.56999969482422,2215000.0,49.19445037841797
2018-03-09,53.709999084472656,53.060001373291016,53.709999084472656,53.560001373291016,2122400.0,49.185272216796875
2018-03-12,54.81999969482422,53.29999923706055,53.5099983215332,54.72999954223633,3202500.0,50.25970458984375
2018-03-13,55.2400016784668,53.650001525878906,55.130001068115234,53.7599983215332,2994500.0,49.36893081665039
2018-03-14,54.11000061035156,53.119998931884766,53.790000915527344,53.529998779296875,1845700.0,49.15771484375
2018-03-15,53.95000076293945,53.5,53.63999938964844,53.75,2170400.0,49.3597526550293
2018-03-16,54.18000030517578,53.38999938964844,53.619998931884766,54.0,3609600.0,49.589332580566406
2018-03-19,54.09000015258789,52.84000015258789,53.880001068115234,53.25,1832800.0,48.90059280395508
2018-03-20,53.84000015258789,52.9900016784668,53.290000915527344,53.150001525878906,2306800.0,48.80876159667969
2018-03-21,53.20000076293945,51.869998931884766,52.939998626708984,52.45000076293945,3058200.0,48.165931701660156
2018-03-22,54.150001525878906,52.33000183105469,52.41999816894531,52.75,2715300.0,48.44143295288086
2018-03-23,53.060001373291016,51.869998931884766,52.849998474121094,52.029998779296875,2434400.0,47.780242919921875
2018-03-26,52.5,51.900001525878906,52.380001068115234,52.13999938964844,1662800.0,47.88125228881836
2018-03-27,53.95000076293945,51.720001220703125,52.13999938964844,53.279998779296875,2099500.0,48.92814254760742
2018-03-28,55.41999816894531,53.40999984741211,53.459999084472656,54.86000061035156,3770600.0,50.379085540771484
2018-03-29,54.86000061035156,54.029998779296875,54.849998474121094,54.43000030517578,2897400.0,49.98421096801758
2018-04-02,54.540000915527344,53.650001525878906,54.369998931884766,53.970001220703125,2312000.0,49.56178283691406
2018-04-03,54.15999984741211,52.79999923706055,54.15999984741211,53.75,2906400.0,49.3597526550293
2018-04-04,55.5099983215332,53.38999938964844,53.56999969482422,55.15999984741211,2637300.0,50.65458297729492
2018-04-05,55.0099983215332,53.90999984741211,55.0099983215332,54.72999954223633,2565700.0,50.25970458984375
2018-04-06,55.869998931884766,54.720001220703125,54.970001220703125,55.0099983215332,2814100.0,50.51683807373047
2018-04-09,55.0099983215332,53.959999084472656,55.0099983215332,54.4900016784668,2129000.0,50.03931427001953
2018-04-10,54.709999084472656,53.880001068115234,54.619998931884766,54.0,2027700.0,49.589332580566406
2018-04-11,54.86000061035156,53.709999084472656,53.709999084472656,53.9900016784668,1658900.0,49.580142974853516
2018-04-12,53.95000076293945,52.27000045776367,53.95000076293945,52.540000915527344,3191900.0,48.24858093261719
2018-04-13,52.630001068115234,51.81999969482422,52.349998474121094,52.630001068115234,2014700.0,48.331233978271484
2018-04-16,52.77000045776367,51.93000030517578,52.65999984741211,52.540000915527344,2629400.0,48.24858093261719
2018-04-17,53.65999984741211,52.56999969482422,52.75,53.380001068115234,2345900.0,49.01996994018555
2018-04-18,53.58000183105469,52.70000076293945,53.400001525878906,52.84000015258789,1587600.0,48.52408218383789
2018-04-19,53.0,51.27000045776367,52.709999084472656,51.91999816894531,2066700.0,47.67921829223633
2018-04-20,52.27000045776367,51.09000015258789,52.09000015258789,51.18000030517578,2146400.0,46.999664306640625
2018-04-23,51.2400016784668,50.369998931884766,51.11000061035156,50.68000030517578,2071800.0,46.54050827026367
2018-04-24,51.56999969482422,50.130001068115234,50.75,51.02000045776367,2514800.0,46.85273742675781
2018-04-25,51.02000045776367,49.58000183105469,50.75,50.52000045776367,2709200.0,46.39357376098633
2018-04-26,51.060001373291016,49.599998474121094,50.65999984741211,50.0099983215332,4997200.0,45.92522430419922
2018-04-27,53.22999954223633,50.29999923706055,50.939998626708984,52.880001068115234,4565600.0,48.56081771850586
2018-04-30,53.5099983215332,52.369998931884766,53.04999923706055,53.439998626708984,3894700.0,49.07506561279297
2018-05-01,55.33000183105469,53.36000061035156,53.560001373291016,54.86000061035156,4965900.0,50.379085540771484
2018-05-02,55.220001220703125,53.599998474121094,54.61000061035156,55.04999923706055,4050000.0,50.553565979003906
2018-05-03,56.0,54.720001220703125,55.13999938964844,55.4900016784668,2365200.0,50.9576301574707
2018-05-04,56.279998779296875,55.400001525878906,55.41999816894531,56.18000030517578,2354500.0,51.591270446777344
2018-05-07,55.7599983215332,55.099998474121094,55.380001068115234,55.709999084472656,2491600.0,51.96437072753906
2018-05-08,55.52000045776367,54.810001373291016,55.5,55.13999938964844,2927700.0,51.432701110839844
2018-05-09,55.459999084472656,54.58000183105469,54.869998931884766,55.380001068115234,2091900.0,51.65656280517578
2018-05-10,56.13999938964844,55.560001373291016,55.65999984741211,56.13999938964844,1371900.0,52.36546325683594
2018-05-11,56.5,55.77000045776367,56.20000076293945,56.25,1725800.0,52.46807098388672
2018-05-14,56.06999969482422,55.150001525878906,56.029998779296875,55.5099983215332,1805600.0,51.77781677246094
2018-05-15,55.5,54.63999938964844,55.099998474121094,54.84000015258789,2834200.0,51.152870178222656
2018-05-16,55.25,54.58000183105469,55.099998474121094,54.84000015258789,2141600.0,51.152870178222656
2018-05-17,54.81999969482422,53.779998779296875,54.81999969482422,53.93000030517578,1836800.0,50.30405044555664
2018-05-18,54.77000045776367,53.529998779296875,53.529998779296875,54.27000045776367,4423600.0,50.621192932128906
2018-05-21,55.470001220703125,53.7599983215332,54.880001068115234,55.18000030517578,1862300.0,51.47001266479492
2018-05-22,56.060001373291016,54.54999923706055,55.18000030517578,55.68000030517578,2055600.0,51.93639373779297
2018-05-23,56.970001220703125,55.849998474121094,55.90999984741211,56.779998779296875,2562900.0,52.96243667602539
2018-05-24,56.900001525878906,55.81999969482422,56.810001373291016,56.25,1737000.0,52.46807098388672
2018-05-25,56.900001525878906,56.11000061035156,56.11000061035156,56.869998931884766,1460300.0,53.046382904052734
2018-05-29,57.310001373291016,56.4900016784668,56.79999923706055,57.029998779296875,1988900.0,53.19563293457031
2018-05-30,57.79999923706055,56.4900016784668,56.880001068115234,57.540000915527344,1613800.0,53.67133331298828
2018-05-31,57.7400016784668,57.18000030517578,57.380001068115234,57.650001525878906,2165600.0,53.77394104003906
2018-06-01,58.41999816894531,57.540000915527344,57.540000915527344,58.02000045776367,1473500.0,54.11906814575195
2018-06-04,58.33000183105469,57.31999969482422,58.15999984741211,57.77000045776367,1641000.0,53.8858757019043
2018-06-05,58.20000076293945,57.38999938964844,57.97999954223633,57.40999984741211,2038200.0,53.550079345703125
2018-06-06,57.810001373291016,56.86000061035156,57.5,57.529998779296875,1377400.0,53.66200637817383
2018-06-07,57.95000076293945,57.150001525878906,57.52000045776367,57.59000015258789,1603500.0,53.71797180175781
2018-06-08,58.060001373291016,57.5099983215332,57.779998779296875,57.9900016784668,977800.0,54.09108352661133
2018-06-11,58.400001525878906,57.68000030517578,58.0,58.29999923706055,1308400.0,54.38024139404297
2018-06-12,58.599998474121094,57.90999984741211,58.0099983215332,58.310001373291016,2353700.0,54.38956832885742
2018-06-13,58.63999938964844,56.79999923706055,58.25,56.83000183105469,2362500.0,53.00907516479492
2018-06-14,57.939998626708984,57.0,57.0,57.63999938964844,1636400.0,53.76461410522461
2018-06-15,58.060001373291016,57.400001525878906,57.75,57.5,2888000.0,53.63402557373047
2018-06-18,57.7599983215332,56.599998474121094,57.400001525878906,57.0,1370300.0,53.16764450073242
2018-06-19,57.91999816894531,56.90999984741211,56.95000076293945,57.209999084472656,1861100.0,53.363525390625
2018-06-20,58.5,57.029998779296875,57.13999938964844,58.380001068115234,1403500.0,54.45486831665039
2018-06-21,58.97999954223633,58.029998779296875,58.47999954223633,58.79999923706055,1576700.0,54.846622467041016
2018-06-22,59.209999084472656,58.380001068115234,58.79999923706055,59.04999923706055,2000200.0,55.07981872558594
2018-06-25,59.59000015258789,58.33000183105469,59.06999969482422,59.29999923706055,1716500.0,55.31300354003906
2018-06-26,59.88999938964844,59.25,59.58000183105469,59.439998626708984,2174400.0,55.4435920715332
2018-06-27,60.209999084472656,59.25,59.66999816894531,59.90999984741211,1751500.0,55.88199234008789
2018-06-28,63.45000076293945,59.560001373291016,60.02000045776367,62.36000061035156,3803700.0,58.16727066040039
2018-06-29,63.02000045776367,61.72999954223633,62.04999923706055,62.689998626708984,2995400.0,58.47508239746094
2018-07-02,62.869998931884766,61.119998931884766,62.5099983215332,62.08000183105469,2630600.0,57.906097412109375
2018-07-03,63.72999954223633,61.63999938964844,61.66999816894531,62.900001525878906,1328800.0,58.67096710205078
2018-07-05,63.93000030517578,62.119998931884766,62.79999923706055,63.83000183105469,1984300.0,59.53843688964844
2018-07-06,64.45999908447266,63.84000015258789,63.93000030517578,64.4000015258789,2047500.0,60.07011413574219
2018-07-09,64.41999816894531,62.689998626708984,64.37000274658203,63.220001220703125,1876800.0,58.96944046020508
2018-07-10,63.650001525878906,62.91999816894531,63.31999969482422,63.25,1723300.0,58.99742889404297
2018-07-11,63.56999969482422,62.849998474121094,63.27000045776367,63.09000015258789,1132500.0,58.84818649291992
2018-07-12,63.380001068115234,62.84000015258789,63.279998779296875,63.15999984741211,879100.0,58.91347885131836
2018-07-13,63.52000045776367,62.400001525878906,63.380001068115234,62.68000030517578,1172400.0,58.465755462646484
2018-07-16,62.81999969482422,61.7400016784668,62.61000061035156,62.59000015258789,1465000.0,58.381805419921875
2018-07-17,62.900001525878906,62.0099983215332,62.880001068115234,62.13999938964844,1639700.0,57.96205520629883
2018-07-18,62.380001068115234,61.31999969482422,62.040000915527344,61.79999923706055,1199400.0,57.64491653442383
2018-07-19,63.0099983215332,61.59000015258789,61.75,62.77000045776367,1405700.0,58.549705505371094
2018-07-20,63.59000015258789,62.40999984741211,62.79999923706055,63.4900016784668,2424400.0,59.221290588378906
2018-07-23,64.0,63.099998474121094,63.38999938964844,63.72999954223633,3333300.0,59.44515609741211
2018-07-24,63.650001525878906,62.459999084472656,63.650001525878906,63.2400016784668,3362400.0,58.988101959228516
2018-07-25,64.41999816894531,63.29999923706055,63.41999816894531,63.970001220703125,1620900.0,59.66902542114258
2018-07-26,64.55999755859375,63.7400016784668,64.16000366210938,64.30999755859375,1815600.0,59.98616027832031
2018-07-27,64.12999725341797,61.119998931884766,62.27000045776367,61.810001373291016,3390200.0,57.65425109863281
2018-07-30,61.79999923706055,60.7400016784668,61.779998779296875,61.70000076293945,2137600.0,57.55164337158203
2018-07-31,62.9900016784668,61.81999969482422,61.9900016784668,62.599998474121094,3830300.0,58.39113235473633
2018-08-01,63.09000015258789,61.54999923706055,62.29999923706055,62.959999084472656,1988200.0,58.7269287109375
2018-08-02,63.2599983215332,62.5,62.970001220703125,63.16999816894531,2288200.0,58.92280578613281
2018-08-03,64.70999908447266,63.15999984741211,63.290000915527344,64.31999969482422,2129300.0,59.99549102783203
2018-08-06,63.84000015258789,62.91999816894531,63.529998779296875,63.380001068115234,1480000.0,59.92930221557617
2018-08-07,63.88999938964844,63.06999969482422,63.25,63.83000183105469,2151900.0,60.35480499267578
2018-08-08,64.16000366210938,63.290000915527344,63.75,63.4900016784668,1630600.0,60.03330993652344
2018-08-09,63.939998626708984,63.36000061035156,63.61000061035156,63.459999084472656,2465200.0,60.00494384765625
2018-08-10,63.79999923706055,62.900001525878906,63.369998931884766,63.13999938964844,1933200.0,59.70236587524414
2018-08-13,63.380001068115234,62.52000045776367,62.9900016784668,63.349998474121094,1453400.0,59.900936126708984
2018-08-14,64.44000244140625,63.349998474121094,63.400001525878906,63.97999954223633,1823100.0,60.49663543701172
2018-08-15,65.61000061035156,64.04000091552734,64.04000091552734,65.33999633789062,2162300.0,61.78258514404297
2018-08-16,65.86000061035156,64.68000030517578,65.0,65.68000030517578,1949100.0,62.10408020019531
2018-08-17,66.72000122070312,65.66999816894531,65.83999633789062,66.69999694824219,2311900.0,63.068546295166016
2018-08-20,67.3499984741211,66.43000030517578,66.9800033569336,66.62999725341797,3840700.0,63.00235366821289
2018-08-21,66.68000030517578,65.95999908447266,66.5999984741211,66.38999938964844,1989100.0,62.775421142578125
2018-08-22,66.55999755859375,65.91999816894531,66.44999694824219,66.26000213623047,1323700.0,62.652503967285156
2018-08-23,66.43000030517578,65.80999755859375,66.36000061035156,65.91000366210938,1799600.0,62.32155990600586
2018-08-24,66.05999755859375,65.0199966430664,65.66999816894531,65.94000244140625,1236300.0,62.34992599487305
2018-08-27,65.98999786376953,65.33999633789062,65.94000244140625,65.91000366210938,1634500.0,62.32155990600586
2018-08-28,66.83000183105469,65.6500015258789,65.8499984741211,66.80999755859375,1477800.0,63.17255783081055
2018-08-29,67.0199966430664,66.68000030517578,66.88999938964844,66.68000030517578,1578200.0,63.04963684082031
2018-08-30,66.9000015258789,66.43000030517578,66.8499984741211,66.58000183105469,1431700.0,62.955081939697266
2018-08-31,67.16000366210938,66.36000061035156,66.6500015258789,66.70999908447266,2080200.0,63.07799530029297
2018-09-04,66.97000122070312,65.94999694824219,66.55000305175781,66.2300033569336,2825900.0,62.62413787841797
2018-09-05,67.51000213623047,65.58000183105469,65.9800033569336,67.2699966430664,1898500.0,63.607505798339844
2018-09-06,67.69999694824219,67.16000366210938,67.33000183105469,67.45999908447266,1745900.0,63.787174224853516
2018-09-07,67.0199966430664,66.27999877929688,66.88999938964844,66.38999938964844,1330900.0,62.775421142578125
2018-09-10,67.36000061035156,66.69000244140625,66.95999908447266,66.86000061035156,1809400.0,63.21984100341797
2018-09-11,67.04000091552734,66.29000091552734,66.58999633789062,66.8499984741211,1090000.0,63.21038055419922
2018-09-12,67.11000061035156,66.61000061035156,66.86000061035156,66.66999816894531,1198200.0,63.0401725769043
2018-09-13,67.33000183105469,66.55000305175781,66.98999786376953,67.1500015258789,1897800.0,63.494049072265625
2018-09-14,66.94999694824219,65.62999725341797,66.94999694824219,66.41000366210938,1778100.0,62.794342041015625
2018-09-17,66.95999908447266,65.97000122070312,66.37999725341797,66.80999755859375,2210700.0,63.17255783081055
2018-09-18,66.98999786376953,66.05000305175781,66.86000061035156,66.44000244140625,1768000.0,62.82270812988281
2018-09-19,66.48999786376953,65.37000274658203,66.48999786376953,65.48999786376953,2714800.0,61.9244270324707
2018-09-20,65.69999694824219,64.77999877929688,65.41999816894531,65.56999969482422,2465500.0,62.00006866455078
2018-09-21,65.66000366210938,64.87000274658203,65.02999877929688,65.5,3686900.0,61.93388366699219
2018-09-24,65.48999786376953,63.56999969482422,65.38999938964844,63.959999084472656,2205200.0,60.47772216796875
2018-09-25,65.06999969482422,64.0,64.1500015258789,64.55000305175781,2437400.0,61.035606384277344
2018-09-26,64.58000183105469,62.91999816894531,64.44999694824219,62.959999084472656,2025700.0,59.532169342041016
2018-09-27,63.7599983215332,63.029998779296875,63.209999084472656,63.04999923706055,1303900.0,59.61726379394531
2018-09-28,64.3499984741211,63.0,63.099998474121094,64.31999969482422,2040200.0,60.8181266784668
2018-10-01,64.2300033569336,63.290000915527344,64.0999984741211,63.29999923706055,1590100.0,59.85365295410156
2018-10-02,63.72999954223633,63.0,63.5,63.0099983215332,1419800.0,59.579444885253906
2018-10-03,63.25,61.470001220703125,62.95000076293945,61.900001525878906,2136600.0,58.529884338378906
2018-10-04,62.380001068115234,61.189998626708984,61.439998626708984,62.209999084472656,2541600.0,58.823001861572266
2018-10-05,62.88999938964844,62.09000015258789,62.220001220703125,62.2400016784668,1671500.0,58.85136795043945
2018-10-08,63.709999084472656,62.34000015258789,62.34000015258789,63.20000076293945,1971700.0,59.75910186767578
2018-10-09,64.0199966430664,62.720001220703125,63.16999816894531,63.97999954223633,2086800.0,60.49663543701172
2018-10-10,64.66000366210938,63.689998626708984,63.88999938964844,63.959999084472656,2298800.0,60.47772216796875
2018-10-11,64.02999877929688,61.650001525878906,64.02999877929688,61.72999954223633,2715700.0,58.36913299560547
2018-10-12,62.150001525878906,60.93000030517578,62.150001525878906,61.599998474121094,2462500.0,58.24620819091797
2018-10-15,62.650001525878906,61.560001373291016,61.560001373291016,61.900001525878906,1931400.0,58.529884338378906
2018-10-16,63.529998779296875,61.54999923706055,61.959999084472656,63.119998931884766,2277300.0,59.68345642089844
2018-10-17,63.720001220703125,62.91999816894531,63.09000015258789,63.38999938964844,1319100.0,59.938758850097656
2018-10-18,63.97999954223633,63.220001220703125,63.439998626708984,63.459999084472656,1310900.0,60.00494384765625
2018-10-19,64.58000183105469,63.220001220703125,63.5099983215332,64.47000122070312,1667300.0,60.9599609375
2018-10-22,65.08999633789062,63.2599983215332,64.6500015258789,63.34000015258789,3560600.0,59.8914794921875
2018-10-23,64.73999786376953,63.33000183105469,63.33000183105469,64.18000030517578,1784500.0,60.68574523925781
2018-10-24,66.2699966430664,64.04000091552734,64.30000305175781,65.79000091552734,2358400.0,62.20809555053711
2018-10-25,66.58000183105469,65.12999725341797,65.63999938964844,66.27999877929688,2094900.0,62.671409606933594
2018-10-26,66.79000091552734,64.80000305175781,65.91999816894531,65.1500015258789,2351800.0,61.60293960571289
2018-10-29,66.16000366210938,65.41999816894531,65.63999938964844,65.9800033569336,1592300.0,62.387752532958984
2018-10-30,69.8499984741211,65.9800033569336,66.2300033569336,69.48999786376953,4266200.0,65.70664978027344
2018-10-31,68.41000366210938,66.0199966430664,67.69999694824219,66.06999969482422,4077800.0,62.47283935546875
2018-11-01,67.70999908447266,65.75,66.58999633789062,67.5,2412700.0,63.824989318847656
2018-11-02,67.29000091552734,64.43000030517578,67.29000091552734,65.86000061035156,2160200.0,62.27427673339844
2018-11-05,68.11000061035156,65.9000015258789,66.19000244140625,67.77999877929688,1719300.0,64.08975219726562
2018-11-06,69.16000366210938,67.0999984741211,67.75,69.12000274658203,3163100.0,65.3567886352539
2018-11-07,69.5,68.52999877929688,69.19000244140625,69.0999984741211,2177000.0,65.33787536621094
2018-11-08,68.66000366210938,67.5999984741211,68.19999694824219,68.58000183105469,1139000.0,65.67304229736328
2018-11-09,69.72000122070312,68.33000183105469,68.69999694824219,69.4800033569336,2133900.0,66.53489685058594
2018-11-12,70.44000244140625,69.44000244140625,69.47000122070312,69.87000274658203,1732100.0,66.90837097167969
2018-11-13,70.31999969482422,69.18000030517578,69.88999938964844,69.58000183105469,1489300.0,66.63066101074219
2018-11-14,70.38999938964844,69.55000305175781,69.87000274658203,70.0999984741211,1611100.0,67.12860870361328
2018-11-15,70.06999969482422,68.80999755859375,69.83999633789062,69.48999786376953,1430900.0,66.54446411132812
2018-11-16,70.41000366210938,69.19000244140625,69.73999786376953,70.33000183105469,2006200.0,67.34886932373047
2018-11-19,70.98999786376953,70.0199966430664,70.44999694824219,70.30999755859375,1411800.0,67.32971954345703
2018-11-20,71.2699966430664,70.1500015258789,70.1500015258789,70.29000091552734,2505800.0,67.31056213378906
2018-11-21,70.2300033569336,69.44000244140625,70.2300033569336,69.51000213623047,1766900.0,66.56362915039062
2018-11-23,70.19999694824219,68.95999908447266,69.44999694824219,69.79000091552734,586000.0,66.83175659179688
2018-11-26,70.26000213623047,69.19999694824219,70.20999908447266,69.91999816894531,1479700.0,66.95623779296875
2018-11-27,71.0,69.37000274658203,69.97000122070312,70.73999786376953,1645200.0,67.74149322509766
2018-11-28,71.3499984741211,69.76000213623047,70.58000183105469,71.3499984741211,2162700.0,68.32563018798828
2018-11-29,71.68000030517578,70.94999694824219,71.19000244140625,71.43000030517578,1780700.0,68.40223693847656
2018-11-30,72.33999633789062,71.0,71.69999694824219,72.33000183105469,3284400.0,69.26409149169922
2018-12-03,72.66000366210938,71.47000122070312,72.33000183105469,72.6500015258789,2116200.0,69.57052612304688
2018-12-04,73.87999725341797,71.94999694824219,72.62000274658203,72.12999725341797,3178800.0,69.07255554199219
2018-12-06,74.75,71.91999816894531,72.05999755859375,74.72000122070312,3320000.0,71.55278778076172
2018-12-07,74.55999755859375,72.98999786376953,74.55999755859375,73.7300033569336,3167400.0,70.60475158691406
2018-12-10,73.91999816894531,72.30000305175781,73.70999908447266,73.01000213623047,2208900.0,69.91527557373047
2018-12-11,73.8499984741211,72.94000244140625,73.19999694824219,73.05000305175781,4902200.0,69.95357513427734
2018-12-12,73.79000091552734,71.58999633789062,73.5199966430664,71.72000122070312,2234000.0,68.67994689941406
2018-12-13,72.95999908447266,71.94999694824219,71.95999908447266,72.30000305175781,1738400.0,69.23536682128906
2018-12-14,72.41000366210938,71.68000030517578,71.87999725341797,72.33999633789062,1657100.0,69.27366638183594
2018-12-17,73.44000244140625,70.37999725341797,72.5199966430664,70.72000122070312,3204300.0,67.72233581542969
2018-12-18,71.9000015258789,70.73999786376953,71.0,71.38999938964844,2452300.0,68.36393737792969
2018-12-19,72.30000305175781,70.81999969482422,71.72000122070312,71.12000274658203,2492900.0,68.10537719726562
2018-12-20,71.91000366210938,70.62000274658203,71.19999694824219,71.13999938964844,2610700.0,68.1245346069336
2018-12-21,72.8499984741211,70.41000366210938,71.08999633789062,70.41000366210938,5608700.0,67.42547607421875
2018-12-24,70.48999786376953,66.33000183105469,70.19999694824219,66.44000244140625,1128900.0,63.62375259399414
2018-12-26,69.0999984741211,65.94000244140625,66.69000244140625,69.0999984741211,1835100.0,66.17100524902344
2018-12-27,69.41000366210938,67.29000091552734,68.8499984741211,69.2699966430664,1960500.0,66.33379364013672
2018-12-28,70.33000183105469,68.4800033569336,69.80000305175781,69.37000274658203,1757200.0,66.4295654296875
2018-12-31,69.5999984741211,68.08999633789062,69.5999984741211,69.41000366210938,1421800.0,66.46786499023438
2019-01-02,68.91999816894531,66.81999969482422,68.79000091552734,67.29000091552734,2328100.0,64.43772888183594
2019-01-03,69.16000366210938,67.30999755859375,67.45999908447266,68.52999877929688,2369600.0,65.62516021728516
2019-01-04,69.25,68.02999877929688,68.94999694824219,68.27999877929688,2673200.0,65.38575744628906
2019-01-07,69.70999908447266,68.27999877929688,68.4800033569336,69.08999633789062,1643800.0,66.16142272949219
2019-01-08,70.56999969482422,69.23999786376953,69.4000015258789,70.30999755859375,1794000.0,67.32971954345703
2019-01-09,70.48999786376953,69.12999725341797,70.48999786376953,69.68000030517578,1911400.0,66.7264175415039
2019-01-10,71.36000061035156,69.45999908447266,69.51000213623047,71.23999786376953,2488400.0,68.22029113769531
2019-01-11,71.54000091552734,70.94000244140625,71.18000030517578,71.45999908447266,2054400.0,68.43096923828125
2019-01-14,71.55999755859375,70.87999725341797,71.31999969482422,71.16999816894531,1407300.0,68.15325927734375
2019-01-15,72.62999725341797,71.19000244140625,71.31999969482422,72.38999938964844,1319800.0,69.32154846191406
2019-01-16,73.12000274658203,71.88999938964844,71.88999938964844,72.58999633789062,1404200.0,69.51306915283203
2019-01-17,73.22000122070312,72.2300033569336,72.3499984741211,72.70999908447266,1648200.0,69.62799072265625
2019-01-18,73.20999908447266,72.43000030517578,72.70999908447266,73.04000091552734,1921900.0,69.9439926147461
2019-01-22,73.80000305175781,72.7699966430664,73.08000183105469,73.41000366210938,1770700.0,70.29830932617188
2019-01-23,74.19999694824219,72.94999694824219,73.25,74.16999816894531,1631000.0,71.02609252929688
2019-01-24,74.5,73.51000213623047,74.2699966430664,74.30999755859375,1453000.0,71.16016387939453
2019-01-25,75.0,74.16999816894531,74.5199966430664,74.94000244140625,1938900.0,71.76345825195312
2019-01-28,75.52999877929688,74.66999816894531,74.81999969482422,75.45999908447266,2679000.0,72.26141357421875
2019-01-29,76.0,75.02999877929688,75.5999984741211,75.98999786376953,2134700.0,72.76895141601562
2019-01-30,77.01000213623047,75.61000061035156,75.83999633789062,76.5999984741211,3195100.0,73.35309600830078
2019-01-31,77.9000015258789,75.68000030517578,76.44000244140625,77.48999786376953,4277400.0,74.20536804199219
2019-02-01,77.7300033569336,75.2300033569336,77.55999755859375,76.30999755859375,2269600.0,73.07538604736328
2019-02-04,77.1500015258789,75.56999969482422,76.11000061035156,77.1500015258789,2177200.0,73.87977600097656
2019-02-05,77.52999877929688,76.37000274658203,77.1500015258789,77.45999908447266,2089500.0,74.17664337158203
2019-02-06,77.66000366210938,76.41999816894531,77.33999633789062,76.75,1831900.0,73.49674224853516
2019-02-07,77.1500015258789,76.22000122070312,76.63999938964844,77.05000305175781,2866900.0,73.78402709960938
2019-02-08,77.23999786376953,76.26000213623047,76.52999877929688,77.20999908447266,1738000.0,73.93724060058594
2019-02-11,77.66999816894531,76.91999816894531,77.38999938964844,77.43000030517578,2220800.0,74.14791870117188
2019-02-12,77.7699966430664,76.3499984741211,77.37999725341797,76.6500015258789,2729800.0,73.40097045898438
2019-02-13,77.66000366210938,75.94999694824219,76.30999755859375,77.55999755859375,1943400.0,74.27239990234375
2019-02-14,77.9000015258789,77.01000213623047,77.66000366210938,77.47000122070312,1509600.0,74.18621826171875
2019-02-15,77.79000091552734,77.16000366210938,77.70999908447266,77.61000061035156,2907700.0,74.32028198242188
2019-02-19,77.73999786376953,76.66999816894531,77.69000244140625,76.76000213623047,2152800.0,73.50631713867188
2019-02-20,76.80000305175781,75.08999633789062,76.5199966430664,75.75,2933000.0,72.53912353515625
2019-02-21,75.0999984741211,74.13999938964844,74.80999755859375,74.44000244140625,5911800.0,72.11287689208984
2019-02-22,75.9000015258789,74.51000213623047,74.73999786376953,75.44000244140625,2693100.0,73.08161926269531
2019-02-25,75.77999877929688,74.18000030517578,75.77999877929688,74.4000015258789,3271200.0,72.07413482666016
2019-02-26,75.16000366210938,74.0999984741211,74.87000274658203,74.55000305175781,2009800.0,72.21944427490234
2019-02-27,74.63999938964844,73.11000061035156,74.0199966430664,74.54000091552734,2362600.0,72.20975494384766
2019-02-28,75.79000091552734,74.12999725341797,74.5,74.30999755859375,5700300.0,71.98694610595703
2019-03-01,74.5,72.62000274658203,74.45999908447266,74.01000213623047,3070300.0,71.69632720947266
2019-03-04,74.72000122070312,73.51000213623047,74.25,74.55999755859375,2209000.0,72.2291259765625
2019-03-05,75.3499984741211,74.48999786376953,74.48999786376953,74.86000061035156,2494700.0,72.5197525024414
2019-03-06,75.02999877929688,74.16000366210938,74.86000061035156,74.31999969482422,1748500.0,71.99663543701172
2019-03-07,75.48999786376953,74.61000061035156,74.66999816894531,75.0999984741211,2687900.0,72.75224304199219
2019-03-08,75.80999755859375,74.3499984741211,75.0999984741211,74.97000122070312,2245600.0,72.62631225585938
2019-03-11,76.48999786376953,75.18000030517578,75.18000030517578,76.47000122070312,2184700.0,74.07942199707031
2019-03-12,77.1500015258789,76.51000213623047,76.5999984741211,76.86000061035156,2230700.0,74.45722961425781
2019-03-13,77.58999633789062,77.01000213623047,77.04000091552734,77.37999725341797,2177400.0,74.96096801757812
2019-03-14,77.88999938964844,77.25,77.44999694824219,77.87999725341797,2216400.0,75.44534301757812
2019-03-15,78.23999786376953,77.04000091552734,78.0,77.29000091552734,5124400.0,74.87378692626953
2019-03-18,77.54000091552734,75.33999633789062,77.41999816894531,75.7699966430664,2857700.0,73.40130615234375
2019-03-19,75.9000015258789,75.02999877929688,75.70999908447266,75.2699966430664,2554400.0,72.91693115234375
2019-03-20,75.91999816894531,74.47000122070312,75.44999694824219,75.5,2100200.0,73.1397476196289
2019-03-21,77.66999816894531,75.27999877929688,75.47000122070312,77.66999816894531,3143900.0,75.24190521240234
2019-03-22,79.41000366210938,77.77999877929688,77.77999877929688,77.81999969482422,2896500.0,75.38721466064453
2019-03-25,78.79000091552734,77.5,77.91999816894531,78.4000015258789,1941100.0,75.94908905029297
2019-03-26,78.87999725341797,78.27999877929688,78.79000091552734,78.72000122070312,1546700.0,76.25907897949219
2019-03-27,78.88999938964844,77.87000274658203,78.56999969482422,78.06999969482422,2023400.0,75.62939453125
2019-03-28,78.5999984741211,77.83999633789062,78.33999633789062,78.58000183105469,1945900.0,76.12345886230469
2019-03-29,78.55999755859375,77.43000030517578,78.51000213623047,77.5999984741211,2673200.0,75.1740951538086
2019-04-01,77.66999816894531,76.12999725341797,77.66999816894531,77.05999755859375,2241300.0,74.65097045898438
2019-04-02,77.69999694824219,76.25,77.23999786376953,77.63999938964844,2289600.0,75.21283721923828
2019-04-03,77.80000305175781,76.7699966430664,77.44000244140625,77.26000213623047,1472000.0,74.84471893310547
2019-04-04,77.20999908447266,76.12999725341797,77.20999908447266,76.55999755859375,1259500.0,74.1666030883789
2019-04-05,76.81999969482422,76.04000091552734,76.19999694824219,76.73999786376953,1707900.0,74.34097290039062
2019-04-08,77.12999725341797,75.72000122070312,76.94000244140625,75.75,1913600.0,73.3819351196289
2019-04-09,75.97000122070312,75.54000091552734,75.83999633789062,75.79000091552734,1594600.0,73.4206771850586
2019-04-10,76.61000061035156,75.94999694824219,76.19999694824219,76.5199966430664,1527300.0,74.12784576416016
2019-04-11,76.94000244140625,76.06999969482422,76.31999969482422,76.5199966430664,1741700.0,74.12784576416016
2019-04-12,76.47000122070312,75.27999877929688,75.81999969482422,76.47000122070312,1337400.0,74.07942199707031
2019-04-15,76.61000061035156,76.04000091552734,76.5,76.44999694824219,1073200.0,74.0600357055664
2019-04-16,76.5,73.48999786376953,76.33999633789062,73.7300033569336,1977100.0,71.42507934570312
2019-04-17,73.94000244140625,71.83000183105469,73.9000015258789,72.26000213623047,1728900.0,70.00103759765625
2019-04-18,73.45999908447266,72.06999969482422,72.51000213623047,73.23999786376953,1294500.0,70.95039367675781
2019-04-22,73.16999816894531,71.18000030517578,72.94000244140625,71.76000213623047,1990800.0,69.51666259765625
2019-04-23,73.01000213623047,71.76000213623047,72.26000213623047,72.69999694824219,1437300.0,70.42727661132812
2019-04-24,73.68000030517578,72.62000274658203,73.13999938964844,73.44000244140625,1586900.0,71.14414978027344
2019-04-25,73.87000274658203,72.94000244140625,73.26000213623047,73.75,1272900.0,71.44445037841797
2019-04-26,74.83999633789062,73.77999877929688,74.37999725341797,74.54000091552734,977300.0,72.20975494384766
2019-04-29,74.54000091552734,72.9000015258789,74.33000183105469,72.98999786376953,1123800.0,70.70820617675781
2019-04-30,74.9800033569336,72.80000305175781,73.12999725341797,74.52999877929688,2680300.0,72.20005798339844
2019-05-01,76.0,74.43000030517578,74.80000305175781,74.87000274658203,1955000.0,72.5294418334961
2019-05-02,75.66999816894531,74.72000122070312,74.88999938964844,75.3499984741211,1752500.0,72.99443054199219
2019-05-03,76.56999969482422,75.30000305175781,75.54000091552734,76.44999694824219,1049100.0,74.0600357055664
2019-05-06,76.62999725341797,75.68000030517578,76.12000274658203,76.0,948700.0,73.62411499023438
2019-05-07,76.12999725341797,74.80000305175781,76.12999725341797,75.37999725341797,1260400.0,73.02349853515625
2019-05-08,76.33999633789062,75.25,75.47000122070312,75.29000091552734,1061100.0,72.93631744384766
2019-05-09,76.12000274658203,74.9000015258789,75.30999755859375,76.08000183105469,1132800.0,73.70160675048828
2019-05-10,77.62999725341797,75.88999938964844,76.0,77.52999877929688,1085000.0,75.10628509521484
2019-05-13,77.7699966430664,76.08999633789062,76.16999816894531,77.69000244140625,1920500.0,76.11540985107422
2019-05-14,78.1500015258789,77.27999877929688,77.41000366210938,78.08000183105469,1590700.0,76.49750518798828
2019-05-15,79.18000030517578,77.83999633789062,77.87000274658203,78.69000244140625,1167300.0,77.09513854980469
2019-05-16,79.81999969482422,78.5,78.61000061035156,79.4800033569336,1375400.0,77.86913299560547
2019-05-17,80.1500015258789,78.91999816894531,79.19000244140625,80.04000091552734,1356500.0,78.41777801513672
2019-05-20,80.4000015258789,78.68000030517578,80.08000183105469,79.2300033569336,1284700.0,77.62419128417969
2019-05-21,80.19999694824219,79.30000305175781,79.47000122070312,80.0,1484400.0,78.37858581542969
2019-05-22,80.31999969482422,79.55000305175781,79.94999694824219,80.22000122070312,1149200.0,78.59413146972656
2019-05-23,81.37000274658203,79.94000244140625,80.0,81.3499984741211,1787100.0,79.70122528076172
2019-05-24,81.91999816894531,81.36000061035156,81.38999938964844,81.56999969482422,1419700.0,79.9167709350586
2019-05-28,82.18000030517578,80.11000061035156,81.81999969482422,80.11000061035156,2200100.0,78.48635864257812
2019-05-29,80.68000030517578,79.33000183105469,80.44999694824219,79.70999908447266,1801900.0,78.0944595336914
2019-05-30,80.7699966430664,79.55000305175781,79.87000274658203,80.76000213623047,1464900.0,79.12318420410156
2019-05-31,81.91000366210938,80.5,80.81999969482422,81.22000122070312,1811200.0,79.57386016845703
2019-06-03,82.18000030517578,81.13999938964844,81.62999725341797,82.01000213623047,1814000.0,80.34785461425781
2019-06-04,81.66999816894531,79.41999816894531,81.66999816894531,80.05999755859375,3331600.0,78.43737030029297
2019-06-05,82.06999969482422,80.25,80.58000183105469,81.9800033569336,2252900.0,80.31846618652344
2019-06-06,82.81999969482422,81.69999694824219,82.02999877929688,82.58000183105469,1473700.0,80.90630340576172
2019-06-07,83.87000274658203,82.77999877929688,83.12000274658203,83.2300033569336,2268600.0,81.54312896728516
2019-06-10,83.5,81.87000274658203,83.30999755859375,82.37999725341797,1565100.0,80.7103500366211
2019-06-11,82.6500015258789,81.30000305175781,82.41999816894531,82.11000061035156,1791300.0,80.4458236694336
2019-06-12,83.25,82.12000274658203,82.41000366210938,82.2699966430664,1565900.0,80.60257720947266
2019-06-13,82.66000366210938,81.69000244140625,82.19000244140625,82.33000183105469,1759600.0,80.66136169433594
2019-06-14,83.25,82.19999694824219,82.19999694824219,82.27999877929688,2015800.0,80.61237335205078
2019-06-17,83.8499984741211,82.5,82.7300033569336,83.61000061035156,2322600.0,81.91542053222656
2019-06-18,84.36000061035156,82.69999694824219,84.08999633789062,83.04000091552734,2061200.0,81.35697937011719
2019-06-19,84.26000213623047,82.18000030517578,82.56999969482422,83.80000305175781,2459700.0,82.10157012939453
2019-06-20,85.26000213623047,84.18000030517578,84.2300033569336,84.62999725341797,3496100.0,82.91474914550781
2019-06-21,84.75,82.55000305175781,84.55000305175781,83.6500015258789,10019400.0,81.9546127319336
2019-06-24,84.58999633789062,83.47000122070312,84.08000183105469,84.06999969482422,3101200.0,82.36609649658203
2019-06-25,84.80999755859375,82.9800033569336,84.2300033569336,83.30000305175781,3555600.0,81.61170196533203
2019-06-26,83.0,80.52999877929688,82.9800033569336,81.06999969482422,2843900.0,79.4269027709961
2019-06-27,82.16999816894531,81.2699966430664,81.31999969482422,81.62999725341797,1784600.0,79.97554779052734
2019-06-28,82.19000244140625,81.38999938964844,81.62999725341797,81.52999877929688,4007600.0,79.87757873535156
2019-07-01,82.12999725341797,80.02999877929688,82.12999725341797,81.73999786376953,2257800.0,80.08332061767578
2019-07-02,84.26000213623047,81.93000030517578,82.0999984741211,84.16999816894531,2090700.0,82.46407318115234
2019-07-03,85.45999908447266,84.29000091552734,84.29000091552734,85.2699966430664,1123100.0,83.5417709350586
2019-07-05,84.5,82.4000015258789,84.25,84.22000122070312,1382900.0,82.5130615234375
2019-07-08,85.26000213623047,84.22000122070312,84.30000305175781,85.26000213623047,1334800.0,83.531982421875
2019-07-09,86.26000213623047,84.97000122070312,85.12000274658203,86.0999984741211,1555700.0,84.3549575805664
2019-07-10,86.91000366210938,85.9000015258789,86.25,86.72000122070312,1734100.0,84.96238708496094
2019-07-11,86.58999633789062,84.94999694824219,86.38999938964844,85.16999816894531,2168600.0,83.44380187988281
2019-07-12,85.37999725341797,84.41000366210938,85.30000305175781,84.75,1492500.0,83.03231811523438
2019-07-15,85.68000030517578,84.37000274658203,84.87999725341797,84.41000366210938,1728000.0,82.69921112060547
2019-07-16,84.80999755859375,83.54000091552734,83.87000274658203,84.6500015258789,1599000.0,82.93434143066406
2019-07-17,85.47000122070312,83.91000366210938,84.94000244140625,84.5,1278200.0,82.78738403320312
2019-07-18,85.11000061035156,83.9800033569336,84.33000183105469,84.8499984741211,1201600.0,83.13028717041016
2019-07-19,84.94999694824219,82.97000122070312,84.9000015258789,83.05000305175781,1775000.0,81.36677551269531
2019-07-22,83.62000274658203,82.66999816894531,83.13999938964844,83.05000305175781,3221500.0,81.36677551269531
2019-07-23,83.7300033569336,82.5,83.16999816894531,83.72000122070312,2070600.0,82.023193359375
2019-07-24,84.01000213623047,82.58999633789062,84.0,83.08999633789062,2051100.0,81.40596008300781
2019-07-25,83.12999725341797,82.22000122070312,82.86000061035156,82.62999725341797,1619400.0,80.95528411865234
2019-07-26,83.27999877929688,82.13999938964844,82.58000183105469,83.12999725341797,1588800.0,81.44514465332031
2019-07-29,84.68000030517578,83.41999816894531,83.75,83.70999908447266,1113300.0,82.01338958740234
2019-07-30,84.41999816894531,83.06999969482422,83.56999969482422,83.94999694824219,1326600.0,82.24852752685547
2019-07-31,84.68000030517578,82.83000183105469,83.7300033569336,83.12000274658203,2011600.0,81.43535614013672
2019-08-01,84.43000030517578,81.36000061035156,82.7699966430664,83.69999694824219,2791000.0,82.00359344482422
2019-08-02,85.23999786376953,83.69999694824219,83.69999694824219,84.76000213623047,1511800.0,83.0421142578125
2019-08-05,85.51000213623047,83.77999877929688,85.16999816894531,84.83999633789062,3232300.0,83.1204833984375
2019-08-06,86.80000305175781,84.04000091552734,84.51000213623047,85.41000366210938,2564700.0,83.67893981933594
2019-08-07,87.91000366210938,84.6500015258789,85.44999694824219,87.25,2256600.0,85.48164367675781
2019-08-08,88.2699966430664,86.06999969482422,86.72000122070312,87.91000366210938,2649500.0,86.1282730102539
2019-08-09,88.44000244140625,87.33999633789062,87.88999938964844,88.27999877929688,1507000.0,86.49076843261719
2019-08-12,88.87000274658203,87.37000274658203,88.30000305175781,87.98999786376953,1149400.0,86.20664978027344
2019-08-13,88.23999786376953,86.4800033569336,87.94999694824219,87.8499984741211,1834900.0,86.0694808959961
2019-08-14,87.55000305175781,86.44999694824219,87.11000061035156,86.55999755859375,1556800.0,85.65388488769531
2019-08-15,88.47000122070312,86.44000244140625,86.48999786376953,88.27999877929688,1866900.0,87.35588073730469
2019-08-16,89.05999755859375,86.44000244140625,88.20999908447266,88.79000091552734,1500700.0,87.86054229736328
2019-08-19,89.62000274658203,88.30999755859375,88.9800033569336,89.41999816894531,1644600.0,88.48394012451172
2019-08-20,90.25,88.5,89.9000015258789,88.55000305175781,2286100.0,87.62305450439453
2019-08-21,89.33999633789062,87.95999908447266,88.69999694824219,88.93000030517578,1074600.0,87.99907684326172
2019-08-22,89.26000213623047,88.22000122070312,88.80999755859375,88.9000015258789,1322400.0,87.96939086914062
2019-08-23,90.19999694824219,87.4000015258789,89.01000213623047,87.75,2110300.0,86.83142852783203
2019-08-26,88.72000122070312,87.4000015258789,88.16000366210938,88.5999984741211,2153000.0,87.67253112792969
2019-08-27,90.22000122070312,88.95999908447266,89.18000030517578,88.95999908447266,3336700.0,88.02876281738281
2019-08-28,89.8499984741211,88.61000061035156,89.47000122070312,88.88999938964844,1242900.0,87.9594955444336
2019-08-29,89.80000305175781,88.72000122070312,89.36000061035156,89.68000030517578,1606100.0,88.74122619628906
2019-08-30,90.0,89.02999877929688,89.83999633789062,89.55999755859375,1245500.0,88.62247467041016
2019-09-03,91.44000244140625,89.08999633789062,89.37999725341797,91.37999725341797,1937300.0,90.42342376708984
2019-09-04,92.5,91.52999877929688,92.19000244140625,92.45999908447266,2095900.0,91.49211883544922
2019-09-05,92.11000061035156,89.69999694824219,91.68000030517578,91.08999633789062,2100900.0,90.13645935058594
2019-09-06,92.11000061035156,91.19000244140625,91.19000244140625,91.38999938964844,1904900.0,90.43331909179688
2019-09-09,91.04000091552734,89.62999725341797,91.0,90.20999908447266,1585600.0,89.26567840576172
2019-09-10,89.76000213623047,86.9800033569336,89.30000305175781,87.87999725341797,2472200.0,86.9600601196289
2019-09-11,88.4800033569336,86.58999633789062,87.19999694824219,87.68000030517578,2735800.0,86.76216125488281
2019-09-12,89.33000183105469,87.2300033569336,88.87999725341797,87.44999694824219,2340200.0,86.53456115722656
2019-09-13,87.61000061035156,85.19000244140625,87.01000213623047,85.51000213623047,3001000.0,84.61487579345703
2019-09-16,87.44999694824219,85.6500015258789,86.0999984741211,86.93000030517578,2421000.0,86.02001190185547
2019-09-17,89.47000122070312,87.5,87.66999816894531,89.30000305175781,1743900.0,88.36520385742188
2019-09-18,89.87999725341797,87.91999816894531,89.73999786376953,88.87999725341797,1870800.0,87.94959259033203
2019-09-19,89.68000030517578,88.91000366210938,89.08000183105469,89.30000305175781,1354500.0,88.36520385742188
2019-09-20,89.72000122070312,88.66000366210938,89.70999908447266,88.80000305175781,3578200.0,87.87043762207031
2019-09-23,89.94000244140625,88.62000274658203,88.62000274658203,89.05999755859375,1736400.0,88.1277084350586
2019-09-24,90.18000030517578,88.55999755859375,89.30000305175781,89.16999816894531,2093600.0,88.23655700683594
2019-09-25,89.8499984741211,88.83999633789062,89.27999877929688,89.16999816894531,1414100.0,88.23655700683594
2019-09-26,90.91999816894531,89.23999786376953,89.63999938964844,90.62000274658203,1290800.0,89.67138671875
2019-09-27,91.05000305175781,89.48999786376953,90.72000122070312,90.29000091552734,1862000.0,89.34484100341797
2019-09-30,91.05000305175781,90.08000183105469,90.23999786376953,90.6500015258789,2505500.0,89.7010726928711
2019-10-01,90.5199966430664,89.41000366210938,90.2699966430664,89.45999908447266,1680900.0,88.52352905273438
2019-10-02,90.48999786376953,88.9800033569336,90.05999755859375,89.77999877929688,1525500.0,88.84017944335938
2019-10-03,91.98999786376953,89.83999633789062,89.83999633789062,91.33000183105469,1514800.0,90.37395477294922
2019-10-04,92.0,91.30000305175781,91.45999908447266,91.95999908447266,1160000.0,90.99735260009766
2019-10-07,92.33000183105469,91.0,91.05000305175781,91.54000091552734,1411700.0,90.58175659179688
2019-10-08,92.08000183105469,90.73999786376953,91.88999938964844,91.18000030517578,1143300.0,90.22552490234375
2019-10-09,92.06999969482422,91.27999877929688,91.37000274658203,91.3499984741211,889200.0,90.39373779296875
2019-10-10,91.83999633789062,90.3499984741211,91.16000366210938,91.5999984741211,1476800.0,90.64112091064453
2019-10-11,91.81999969482422,90.83000183105469,91.66999816894531,91.18000030517578,1456100.0,90.22552490234375
2019-10-14,91.88999938964844,90.91999816894531,91.27999877929688,91.79000091552734,964400.0,90.82913970947266
2019-10-15,92.1500015258789,90.44000244140625,91.9000015258789,91.38999938964844,1456200.0,90.43331909179688
2019-10-16,91.2300033569336,89.77999877929688,90.88999938964844,91.0199966430664,1857200.0,90.06719207763672
2019-10-17,91.37000274658203,90.5,91.08999633789062,91.18000030517578,2237600.0,90.22552490234375
2019-10-18,92.37999725341797,90.97000122070312,91.13999938964844,92.08999633789062,1896800.0,91.12599182128906
2019-10-21,92.22000122070312,91.0199966430664,91.8499984741211,92.20999908447266,1656900.0,91.24473571777344
2019-10-22,93.16999816894531,91.7300033569336,92.5999984741211,91.91999816894531,2081700.0,90.95777130126953
2019-10-23,92.3499984741211,90.58000183105469,92.0,91.12000274658203,3023000.0,90.16615295410156
2019-10-24,91.27999877929688,90.27999877929688,91.18000030517578,90.83999633789062,1913100.0,89.88907623291016
2019-10-25,90.56999969482422,87.63999938964844,90.16999816894531,87.95999908447266,2461700.0,87.03923034667969
2019-10-28,87.9000015258789,86.76000213623047,87.86000061035156,87.04000091552734,3518600.0,86.12886047363281
2019-10-29,92.06999969482422,88.86000061035156,92.06999969482422,89.44000244140625,3377300.0,88.50373840332031
2019-10-30,90.51000213623047,88.93000030517578,88.94000244140625,90.45999908447266,1896800.0,89.5130615234375
2019-10-31,91.47000122070312,89.9000015258789,90.47000122070312,90.69000244140625,2069200.0,89.74065399169922
2019-11-01,91.0999984741211,88.87999725341797,90.83999633789062,90.02999877929688,1820500.0,89.08756256103516
2019-11-04,89.38999938964844,86.63999938964844,89.38999938964844,86.88999938964844,1807800.0,85.98043060302734
2019-11-05,86.20999908447266,84.02999877929688,86.20999908447266,85.55000305175781,3328900.0,84.65445709228516
2019-11-06,86.36000061035156,84.44000244140625,86.16000366210938,84.87000274658203,2411200.0,83.98157501220703
2019-11-07,84.12000274658203,82.51000213623047,84.02999877929688,83.25,2433400.0,82.37853240966797
2019-11-08,83.80000305175781,82.69000244140625,83.04000091552734,82.87999725341797,1750400.0,82.01240539550781
2019-11-11,83.61000061035156,82.66999816894531,83.11000061035156,83.11000061035156,1281900.0,82.23999786376953
2019-11-12,83.44999694824219,82.0999984741211,82.44999694824219,82.29000091552734,2512000.0,82.29000091552734
2019-11-13,83.4000015258789,82.4000015258789,82.52999877929688,83.0999984741211,2313400.0,83.0999984741211
2019-11-14,83.79000091552734,83.2300033569336,83.36000061035156,83.58999633789062,1558000.0,83.58999633789062
2019-11-15,84.19000244140625,83.20999908447266,83.75,83.98999786376953,3593100.0,83.98999786376953
2019-11-18,85.44000244140625,84.02999877929688,84.18000030517578,84.81999969482422,2264200.0,84.81999969482422
2019-11-19,85.54000091552734,84.61000061035156,85.37000274658203,85.0999984741211,1434700.0,85.0999984741211
2019-11-20,85.37000274658203,84.19000244140625,85.0199966430664,84.83999633789062,1306800.0,84.83999633789062
2019-11-21,84.61000061035156,83.29000091552734,84.1500015258789,83.5,1646400.0,83.5
2019-11-22,83.88999938964844,82.80999755859375,83.77999877929688,83.6500015258789,1417000.0,83.6500015258789
2019-11-25,84.77999877929688,83.11000061035156,83.94000244140625,83.19000244140625,4300500.0,83.19000244140625
2019-11-26,84.56999969482422,83.38999938964844,83.5,84.55999755859375,3373500.0,84.55999755859375
2019-11-27,85.81999969482422,84.02999877929688,84.2699966430664,85.81999969482422,2085700.0,85.81999969482422
2019-11-29,86.13999938964844,84.44999694824219,85.76000213623047,84.56999969482422,1015800.0,84.56999969482422
2019-12-02,84.58000183105469,83.19999694824219,84.26000213623047,83.2300033569336,1777100.0,83.2300033569336
2019-12-03,84.73999786376953,83.69999694824219,83.88999938964844,83.93000030517578,1828000.0,83.93000030517578
2019-12-04,84.37999725341797,83.54000091552734,83.70999908447266,83.77999877929688,1968900.0,83.77999877929688
2019-12-05,84.05999755859375,82.76000213623047,83.37999725341797,84.05999755859375,1944100.0,84.05999755859375
2019-12-06,84.51000213623047,83.43000030517578,84.0199966430664,83.7699966430664,1185100.0,83.7699966430664
2019-12-09,83.9800033569336,82.91999816894531,83.77999877929688,83.13999938964844,1697000.0,83.13999938964844
2019-12-10,83.33000183105469,82.08000183105469,83.13999938964844,82.69000244140625,1603800.0,82.69000244140625
2019-12-11,82.79000091552734,80.54000091552734,82.68000030517578,81.16999816894531,2528700.0,81.16999816894531
2019-12-12,81.47000122070312,79.01000213623047,81.05000305175781,79.12999725341797,2239700.0,79.12999725341797
2019-12-13,79.77999877929688,77.7300033569336,78.94000244140625,78.66999816894531,2664900.0,78.66999816894531
2019-12-16,78.97000122070312,77.72000122070312,78.63999938964844,78.66999816894531,2742800.0,78.66999816894531
2019-12-17,79.2300033569336,77.23999786376953,79.0199966430664,77.4000015258789,2613800.0,77.4000015258789
2019-12-18,78.68000030517578,76.75,76.97000122070312,78.38999938964844,2412000.0,78.38999938964844
2019-12-19,79.38999938964844,77.9000015258789,78.55999755859375,79.05000305175781,2900200.0,79.05000305175781
2019-12-20,80.79000091552734,79.75,80.43000030517578,80.4000015258789,5539100.0,80.4000015258789
2019-12-23,80.81999969482422,79.55999755859375,80.54000091552734,79.8499984741211,1956300.0,79.8499984741211
2019-12-24,80.13999938964844,79.55000305175781,79.83000183105469,79.93000030517578,425600.0,79.93000030517578
2019-12-26,80.4800033569336,79.91000366210938,80.0199966430664,80.4800033569336,758700.0,80.4800033569336
2019-12-27,81.0999984741211,80.4000015258789,80.70999908447266,80.95999908447266,1050200.0,80.95999908447266
2019-12-30,81.04000091552734,80.29000091552734,80.55000305175781,81.01000213623047,2517700.0,81.01000213623047
2019-12-31,81.79000091552734,81.01000213623047,81.05999755859375,81.77999877929688,2777200.0,81.77999877929688
2020-01-02,82.13999938964844,79.95999908447266,82.08999633789062,80.13999938964844,2049100.0,80.13999938964844
2020-01-03,81.66000366210938,79.55000305175781,79.63999938964844,81.55000305175781,1687000.0,81.55000305175781
2020-01-06,83.22000122070312,81.66000366210938,82.08999633789062,82.79000091552734,2201200.0,82.79000091552734
2020-01-07,82.54000091552734,81.23999786376953,82.48999786376953,82.25,1239500.0,82.25
2020-01-08,82.36000061035156,81.45999908447266,81.91999816894531,82.2699966430664,2016800.0,82.2699966430664
2020-01-09,82.76000213623047,81.79000091552734,82.13999938964844,82.45999908447266,1211900.0,82.45999908447266
2020-01-10,83.04000091552734,82.3499984741211,82.52999877929688,82.80000305175781,1897400.0,82.80000305175781
2020-01-13,84.19999694824219,82.61000061035156,82.61000061035156,84.06999969482422,1563800.0,84.06999969482422
2020-01-14,84.06999969482422,83.05000305175781,83.83999633789062,84.02999877929688,2365700.0,84.02999877929688
2020-01-15,85.19999694824219,84.13999938964844,84.25,84.94999694824219,1726500.0,84.94999694824219
2020-01-16,86.75,84.72000122070312,84.95999908447266,86.55000305175781,1851700.0,86.55000305175781
2020-01-17,86.91999816894531,86.05999755859375,86.6500015258789,86.38999938964844,2177900.0,86.38999938964844
2020-01-21,87.81999969482422,86.4000015258789,86.47000122070312,87.80000305175781,1707700.0,87.80000305175781
2020-01-22,88.11000061035156,85.87999725341797,88.0,86.0,2116100.0,86.0
2020-01-23,87.27999877929688,85.79000091552734,86.11000061035156,87.23999786376953,2335100.0,87.23999786376953
2020-01-24,87.37999725341797,86.4000015258789,87.30000305175781,86.94999694824219,1479000.0,86.94999694824219
2020-01-27,87.26000213623047,86.45999908447266,86.62000274658203,86.87000274658203,1601000.0,86.87000274658203
2020-01-28,87.16999816894531,86.5199966430664,86.80999755859375,86.75,1341900.0,86.75
2020-01-29,87.20999908447266,86.30000305175781,86.97000122070312,86.52999877929688,1548100.0,86.52999877929688
2020-01-30,86.36000061035156,85.23999786376953,86.19000244140625,85.4000015258789,3210100.0,85.4000015258789
2020-01-31,85.58000183105469,84.45999908447266,85.55999755859375,84.91000366210938,2419200.0,84.91000366210938
2020-02-03,85.31999969482422,84.25,85.11000061035156,84.45999908447266,2770500.0,84.45999908447266
2020-02-04,85.87999725341797,84.22000122070312,84.63999938964844,84.94999694824219,1915000.0,84.94999694824219
2020-02-05,84.8499984741211,83.76000213623047,84.62000274658203,84.01000213623047,1738400.0,84.01000213623047
2020-02-06,85.3499984741211,84.02999877929688,84.44999694824219,84.66999816894531,2256200.0,84.66999816894531
2020-02-07,85.0999984741211,84.0199966430664,84.66999816894531,84.12999725341797,1581700.0,84.12999725341797
2020-02-10,85.54000091552734,84.36000061035156,84.5999984741211,85.12000274658203,1834600.0,85.12000274658203
2020-02-11,85.69999694824219,84.41999816894531,85.05000305175781,84.9000015258789,1891700.0,84.9000015258789
2020-02-12,86.0199966430664,84.7300033569336,84.94000244140625,85.86000061035156,1412500.0,85.86000061035156
2020-02-13,88.2300033569336,85.68000030517578,85.7699966430664,87.69999694824219,2650800.0,87.69999694824219
2020-02-14,89.37000274658203,88.0,88.25,89.31999969482422,2484500.0,89.31999969482422
